

sr.out

83 208.980384

 0 1 0

1

83 "Target atom" 1 208.980384

 7 

 0 0 
3.89867
15.5947
35.0881
62.3788
97.4668
140.352
191.035
249.515
315.793
389.867
471.739
561.409
658.876
764.14
877.201
998.06
1126.72
1263.17
1407.42
1559.47
1719.31
1886.96
2062.4
2245.64
2436.67
2635.5
2842.13
3056.56
3278.78
3508.81
3746.62
3992.24
4245.66
4506.87
4775.87
5052.68
5337.28
5629.68
5929.88
6237.88
6553.67
6877.26
7208.65
7547.83
7894.81
8249.59
8612.17
8982.54
9360.71
9746.68
10140.4
10542
10951.4
11368.5
11793.5
12226.2
12666.8
13115.1
13571.3
14035.2
14507
14986.5
15473.8
15969
16471.9
16982.6
17501.1
18027.5
18561.6
19103.5
19653.2
20210.7
20776
21349.1
21930
22518.7
23115.2
23719.5
24331.6
24951.5
25579.2
26214.7
26858
27509
28167.9
28834.6
29509.1
30191.3
30881.4
31579.3
32284.9
32998.4
33719.6
34448.7
35185.5
35930.2
36682.6
37442.9
38210.9
38986.7
39770.4
40561.8
41361
42168
42982.9
43805.5
44635.9
45474.1
46320.1
47173.9
48035.6
48905
49782.2
50667.2
51560
52460.5
53368.9
54285.1
55209.1
56140.9
57080.5
58027.9
58983
59946
60916.8
61895.3
62881.7
63875.9
64877.8
65887.6
66905.1
67930.5
68963.6
70004.6
71053.3
72109.9
73174.2
74246.3
75326.3
76414
77509.5
78612.8
79724
80842.9
81969.6
83104.1
84246.4
85396.5
86554.4
87720.1
88893.6
90074.9
91264
92460.9
93665.6
94878.1
96098.4
97326.5
98562.4
99806
101058
102317
103584
104859
106141
107432
108730
110036
111350
112672
114001
115338
116683
118036
119397
120765
122142
123526
124917
126317
127724
129140
130563
131993
133432
134878
136333
137795
139265
140742
142227
143721
145222
146730
148247
149771
151304
152844
154391
155947
157510
159081
160660
162247
163842
165444
167054
168672
170298
171931
173573
175222
176879
178544
180216
181896
183585
185281
186984
188696
190415
192142
193877
195620
197370
199129
200895
202669
204450
206240
208037
209842
211655
213476
215304
217141
218985
220836
222696
224564
226439
228322
230213
232111
234018
235932
237854
239784
241722
243667
245620
247581
249550
251527
253511
255503
257503
259511
261527
263550
265582
267621
269667
271722
273784
275855
277933
280018
282112
284213
286322
288439
290564
292697
294837
296985
299141
301305
303477
305656
307843
310038
312241
314451
316670
318896
321130
323372
325621
327878
330144
332416
334697
336986
339282
341586
343898
346218
348545
350881
353224
355575
357933
360300
362674
365056
367446
369844
372249
374662
377084
379512
381949
384394
386846
389306
391774
394249
396733
399224
401723
404230
406745
409267
411797
414335
416881
419435
421996
424566
427143
429727
432320
434920
437529
440145
442768
445400
448039
450687
453342
456004
458675
461353
464040
466734
469435
472145
474862
477587
480320
483061
485810
488566
491330
494102
496882
499670
502465
505268
508079
510898
513724
516559
519401
522251
525108
527974
530847
533728
536617
539514
542419
545331
548251
551179
554115
557058
560009
562968
565935
568910
571892
574883
577881
580887
583900
586922
589951
592988
596033
599086
602146
605214
608290
611374
614466
617565
620673
623788
626911
630041
633180
636326
639480
642642
645811
648989
652174
655367
658568
661776
664993
668217
671449
674689
677936
681192
684455
687726
691005
694291
697586
700888
704198
707516
710841
714175
717516
720865
724221
727586
730958
734338
737726
741122
744526
747937
751356
754783
758218
761660
765111
768569
772035
775508
778990
782479
785976
789481
792994
796515
800043
803579
807123
810675
814234
817801
821376
824959
828550
832148
835755
839369
842991
846620
850258
853903
857556
861217
864886
868562
872246
875938
879638
883346
887061
890784
894515
898254
902001
905755
909518
913288
917065
920851
924644
928446
932255
936071
939896
943728
947569
951417
955272
959136
963007
966887
970774
974668
 0 